pipeline = 0
height = 2048
width = 2048
diameter = 23.202295303345
transpose = true
offset = [13.040943844572, -20.348051920159]
