IsKepler : 1
LensletWidth : 6464
LensletHeight : 4852
MIDiameter : 37.154060363770
MLADirection : 0
CentralMIOffsetX : 11.602050584296
CentralMIOffsetY : 8.678466513537
NearFocalLensType : 0
