pipeline : 0
height : 4852
width : 6464
diameter : 37.154060363770
transpose : 0
offsetx : 11.602050584296
offsety : 8.678466513537
