IsMultiFocus : 1
IsKepler : 0
LensletWidth : 3840
LensletHeight : 2160
MIDiameter : 34.976657867432
MLADirection : 0
CentralMIOffsetX : 13.251828948215
CentralMIOffsetY : -7.587459995462
