IsKepler : 1
LensletWidth : 2048
LensletHeight : 2048
MIDiameter : 23.202295303345
MLADirection : 1
CentralMIOffsetX : 13.040943844572
CentralMIOffsetY : -20.348051920159
NearFocalLensType : 0
